% Wind parameter
Loa=153.7;
Lbp=144.2;
B=25.6;
D=12.1;
Df=10.7;
Da=10.7;
pa=0.85;
Ats=Loa*D-Lbp*Da;
Als=B*D-B*Df;
Ta_x=[1.629447374639121e+08  1.412092178978757e+08  1.502534121098635e+08  1.517085883675843e+07];
Ta_y=[1.629447374639121e+08  1.412092178978757e+08  1.502534121098635e+08  1.517085883675843e+07];
Ta_p=[1.737506177721002e+13  1.891701218548197e+13  1.269248190517974e+12  9.971416281521896e+12];

%Ve bieu do 2D
% plot(X_actual,Y_actual,X_set,Y_set)